273 431
350 666
561 592
619 528
514 651
566 493
712 451
558 398
506 621
622 380
488 430
637 341
683 295
420 348
750 589
269 276
493 291
513 337
500 268
491 304
288 605
319 484
291 279
524 477
618 583
450 482
297 635
369 299
558 568
287 337
381 256
273 274
392 255
559 285
730 718
356 692
717 546
662 634
594 573
691 408
269 629
484 746
500 423
485 387
443 604
471 515
564 527
327 446
549 672
257 661
702 316
671 429
467 691
306 699
412 603
728 341
594 537
327 540
605 684
590 724
721 293
688 725
544 418
450 622
735 746
425 487
650 292
361 530
443 337
539 508
515 461
315 515
499 594
308 668
514 724
629 708
604 511
726 600
384 626
396 617
739 530
543 319
459 627
291 633
574 382
579 323
328 435
260 416
453 673
525 642
412 644
505 635
409 345
571 620
605 291
663 677
739 383
382 395
442 253
676 314
